24
0
23
0 0 0 70 69 0 497 0 201 308 0 496 65 300 0 205 0 0 24 51 0 0 1 122
0 0 0 0 410 15 0 0 18 0 328 228 205 107 0 290 0 479 188 494 0 0 306 149
0 112 0 42 82 0 0 0 125 249 0 0 382 0 0 329 0 0 140 0 0 0 361 0
0 291 257 318 154 0 88 0 299 182 372 178 326 177 230 0 0 143 0 0 0 49 165 0
0 0 356 61 229 401 27 50 154 0 0 0 0 0 419 0 0 0 0 0 0 0 159 88
0 102 0 0 0 226 0 162 0 358 0 0 6 129 0 0 255 3 239 0 110 0 0 129
0 0 365 0 0 284 377 0 0 151 0 0 0 0 419 0 38 0 0 0 0 0 365 326
0 230 119 0 0 0 0 0 0 160 0 0 224 0 0 0 0 32 0 0 182 11 177 80
0 54 0 427 59 0 0 86 0 0 0 0 0 0 166 341 455 0 283 490 0 0 0 72
0 448 137 358 0 193 34 392 0 0 0 0 0 0 349 94 0 0 25 241 7 182 260 0
0 0 0 0 0 353 452 0 0 0 422 0 186 0 201 64 212 0 273 221 0 101 0 69
0 0 0 102 444 0 0 0 0 0 241 0 128 352 469 0 488 142 0 64 0 0 0 73
0 364 387 0 0 385 114 0 1 112 409 0 165 0 0 0 0 423 0 0 0 0 191 320
0 0 456 205 236 231 0 0 0 472 0 40 367 464 176 225 14 18 0 422 0 0 0 172
0 92 496 485 0 0 0 326 80 380 0 302 341 0 282 333 0 0 388 126 0 300 0 241
0 0 342 0 0 389 324 255 0 359 0 0 184 0 112 3 0 303 0 95 215 381 0 0
0 487 439 0 495 0 273 0 0 61 0 0 0 0 0 167 75 482 0 0 0 0 0 0
0 0 0 227 0 0 223 380 0 0 80 0 194 0 0 68 0 294 151 290 0 172 189 65
0 0 0 307 0 54 0 0 191 0 128 491 0 0 0 0 109 453 0 0 0 0 0 0
0 417 72 0 491 0 0 246 0 0 0 28 0 0 0 0 0 337 0 0 212 0 0 0
0 0 0 0 0 0 0 177 430 0 49 392 0 0 378 462 299 189 0 0 376 0 285 0
0 366 0 0 0 332 324 413 312 0 357 410 0 478 0 0 483 498 0 397 0 218 0 241
0 0 144 0 0 0 0 0 0 0 0 0 0 102 0 0 244 381 0 95 0 0 262 0
0 0 0 0 0 0 0 0 0 0 0 0 0 0 0 0 0 0 0 0 0 0 0 0
