22
0
21
0 0 0 347 0 0 0 245 443 0 0 0 0 0 0 39 0 381 118 343 0 0
0 0 0 326 0 0 0 459 0 0 0 0 0 0 0 72 0 0 0 0 92 62
0 273 286 0 293 15 0 0 220 437 160 0 0 0 0 493 0 0 300 0 0 0
0 0 0 0 0 481 0 73 0 0 0 130 425 0 0 0 0 0 0 0 454 253
0 114 487 0 378 0 0 0 0 186 229 0 0 0 222 0 0 0 234 0 0 126
0 270 305 164 0 0 0 299 460 34 120 0 0 235 219 415 199 416 318 187 0 438
0 0 0 120 0 319 0 0 334 0 0 55 344 43 0 0 489 57 0 495 0 57
0 0 274 382 0 0 42 168 258 0 344 0 0 0 101 73 0 0 0 0 0 0
0 228 0 0 0 17 428 0 0 240 0 150 0 0 393 333 0 0 19 0 0 283
0 0 369 0 0 0 22 0 231 174 0 394 0 3 86 337 0 0 207 0 0 54
0 0 177 293 182 438 0 0 0 0 0 492 0 0 0 0 134 0 191 374 0 0
0 0 0 0 0 0 0 305 0 0 231 0 0 0 6 177 18 306 0 0 45 230
0 0 0 0 0 389 0 63 0 425 0 210 196 0 0 0 0 0 418 0 0 0
0 442 406 180 0 9 251 290 291 0 169 0 0 0 0 36 0 17 44 0 212 375
0 102 0 67 0 0 0 238 48 0 373 0 0 0 270 7 0 378 0 0 0 0
0 0 0 0 67 203 0 0 0 137 0 0 0 10 0 248 441 0 236 0 193 0
0 449 67 292 0 0 387 0 0 224 317 0 0 0 284 0 0 0 0 181 98 0
0 0 311 0 133 0 8 345 0 0 60 222 0 0 383 217 164 0 0 0 40 338
0 0 0 0 0 332 0 304 0 438 0 0 0 0 323 484 235 0 0 0 0 0
0 0 0 326 0 0 157 317 0 151 0 159 100 0 0 0 0 48 467 0 243 0
0 0 3 0 0 0 363 0 0 0 0 0 0 0 473 0 0 56 237 0 0 198
0 0 0 0 0 0 0 0 0 0 0 0 0 0 0 0 0 0 0 0 0 0
