54
0
53
0 423 483 77 61 0 0 0 0 0 0 57 0 0 0 0 282 0 0 0 289 0 385 123 295 184 0 32 126 75 204 0 0 0 0 125 0 171 311 145 484 385 57 269 0 0 7 0 0 0 40 0 0 0
0 452 0 0 0 425 222 0 0 0 148 0 409 0 0 343 338 0 429 0 0 0 300 155 227 0 0 402 0 63 0 0 371 373 56 0 26 0 180 0 0 0 0 0 0 0 0 0 0 195 0 0 363 0
0 0 425 0 0 363 0 0 476 23 0 0 0 439 433 0 381 352 495 0 277 353 77 27 0 205 405 489 0 0 0 456 304 0 0 0 181 0 0 0 344 0 0 234 0 0 301 0 343 2 438 0 0 0
0 36 0 0 0 31 283 485 460 0 0 6 0 0 0 0 0 171 0 0 74 295 428 34 0 0 0 270 124 0 0 378 332 0 310 0 183 0 0 251 0 291 0 0 47 0 0 0 0 143 0 165 265 0
0 0 0 0 313 0 16 0 0 360 0 0 0 0 0 4 0 0 0 0 356 294 222 7 0 0 0 326 0 0 0 0 0 0 0 0 0 308 0 472 353 426 252 214 112 0 0 0 0 376 295 209 0 0
0 0 211 0 269 209 0 375 0 413 0 0 275 304 496 30 354 73 0 0 0 0 406 0 66 367 0 437 0 0 36 490 0 214 423 72 0 0 484 0 434 0 0 427 0 0 0 0 0 479 0 51 220 0
0 195 0 0 0 462 151 190 0 83 0 0 32 76 0 0 0 426 9 0 305 0 28 152 0 266 0 70 0 472 0 449 72 38 0 11 0 244 0 0 239 0 109 170 0 0 0 304 179 491 0 430 130 83
0 354 0 0 445 462 96 0 0 0 0 0 256 0 0 0 461 160 0 0 69 0 35 0 419 0 0 0 0 0 0 422 24 0 0 452 96 376 0 0 0 185 0 416 0 188 0 2 0 491 0 466 250 0
0 103 0 322 0 0 0 498 255 0 88 6 0 233 0 0 189 0 176 189 302 319 0 412 257 0 246 74 0 497 0 0 83 29 0 0 383 492 155 0 212 388 0 0 1 326 0 270 217 0 0 0 0 0
0 0 0 0 0 0 398 0 154 482 0 0 0 219 0 0 0 11 434 161 175 91 0 271 294 392 193 0 441 0 484 285 413 0 269 164 0 0 437 184 0 0 0 15 413 0 0 454 0 409 0 0 461 57
0 0 0 147 294 0 419 0 0 0 0 360 0 166 364 78 0 0 166 45 0 196 314 0 375 23 0 0 0 0 0 60 258 0 0 0 0 284 150 0 152 0 415 64 149 338 0 232 89 0 495 434 0 0
0 339 141 0 0 0 0 414 409 13 264 0 240 0 74 0 80 0 0 76 134 0 0 0 37 0 0 0 0 62 0 0 363 243 0 0 340 84 313 0 146 433 16 0 0 293 409 348 340 2 0 7 339 0
0 0 307 152 0 0 498 0 0 0 0 0 0 322 0 0 0 0 0 0 499 46 0 385 48 0 0 0 407 0 0 162 0 269 140 30 3 0 427 495 0 0 479 0 0 242 285 0 0 0 0 0 0 327
0 0 59 0 0 479 0 0 445 0 0 400 187 23 186 40 411 0 185 121 0 0 467 144 0 16 0 0 0 142 291 0 0 0 0 68 0 0 237 463 0 0 89 500 468 197 0 246 0 0 0 0 0 0
0 341 0 0 155 0 0 378 381 0 400 0 378 395 395 319 77 0 452 0 0 98 249 0 0 258 305 0 369 0 454 340 0 0 216 287 0 0 333 189 373 0 350 117 455 0 0 0 125 0 147 486 62 0
0 0 0 437 0 68 251 0 0 0 0 0 0 201 0 117 0 0 0 147 260 458 0 0 0 0 0 0 0 0 372 263 0 0 0 0 0 132 0 0 177 0 0 0 0 432 422 0 5 0 0 0 194 0
0 268 0 0 308 0 0 68 0 0 114 0 0 54 423 441 8 0 0 190 0 94 0 83 0 129 211 0 0 0 143 0 398 0 177 0 0 0 0 169 0 201 447 79 0 439 59 243 42 0 467 391 0 0
0 0 0 357 333 133 257 171 0 353 0 184 0 0 0 356 42 491 155 273 0 0 299 0 239 0 0 0 0 0 0 0 69 0 215 0 0 0 0 0 0 0 0 0 247 124 0 0 0 311 0 0 82 499
0 0 382 0 66 14 0 399 140 33 0 267 230 0 6 79 140 348 341 108 0 0 0 0 169 0 63 291 127 368 0 193 68 356 282 102 344 0 42 0 0 0 91 16 0 0 453 0 0 0 10 165 0 0
0 0 0 0 0 0 205 0 17 444 493 0 113 433 315 0 446 0 0 59 299 323 0 357 0 33 114 269 367 0 0 0 0 0 0 0 186 0 468 0 0 159 387 250 394 19 0 316 0 35 327 0 0 0
0 342 0 0 435 35 387 0 0 333 278 0 0 0 0 408 0 346 0 0 333 0 0 0 100 0 0 93 0 165 102 0 407 163 269 268 0 0 0 0 390 0 0 0 0 0 363 421 327 0 253 0 0 0
0 226 0 0 0 108 70 410 90 136 2 462 112 0 120 309 0 9 0 0 0 0 201 125 336 53 0 72 50 0 0 16 14 271 0 132 0 0 69 0 469 400 0 58 487 162 326 0 493 17 412 344 92 0
0 495 0 0 0 319 0 389 0 79 4 0 0 151 0 288 0 0 57 0 443 0 205 266 145 285 0 0 0 0 144 0 21 191 0 428 0 0 0 358 215 95 101 410 0 0 0 0 0 0 147 0 105 0
0 152 26 0 0 0 215 0 0 0 0 124 0 0 0 0 0 466 126 438 322 0 141 0 0 0 0 463 243 394 0 91 0 223 404 0 0 261 0 213 175 448 80 371 0 0 0 0 0 0 0 73 334 466
0 0 69 0 0 486 0 0 17 0 78 401 0 200 385 132 0 0 0 0 318 115 50 0 373 65 103 313 0 0 270 265 0 0 0 0 321 348 134 0 0 112 481 135 108 0 461 0 53 0 0 371 158 0
0 0 0 0 0 126 0 0 368 93 0 34 148 199 0 0 201 265 492 0 0 0 0 0 295 0 0 0 0 0 0 0 319 498 0 0 8 0 0 149 108 0 0 0 0 444 434 0 0 0 0 174 0 0
0 0 0 283 418 0 0 272 0 0 168 0 0 0 0 412 0 0 416 0 0 161 135 0 0 0 405 7 0 0 18 106 0 472 0 0 0 446 152 0 124 0 0 39 390 220 420 284 0 278 0 460 53 0
0 423 410 0 0 225 220 368 490 0 0 0 0 388 0 277 0 0 154 0 261 198 298 326 0 0 59 0 389 0 0 0 76 0 0 458 306 0 288 0 441 347 0 488 290 0 394 165 0 0 466 0 0 0
0 7 421 0 0 0 0 412 261 0 198 356 0 0 73 0 0 28 0 0 0 0 116 413 0 394 0 0 0 0 0 192 64 108 0 0 217 91 488 0 0 0 0 469 362 0 377 0 163 0 264 462 0 463
0 0 0 0 425 63 0 255 299 0 104 110 0 0 0 0 0 405 0 0 215 0 0 0 0 210 0 0 0 0 0 0 418 0 122 0 0 156 58 0 85 308 0 0 123 0 0 206 489 0 269 423 318 0
0 216 410 0 400 0 19 0 0 115 0 0 41 0 0 188 299 0 0 380 194 0 0 0 0 499 0 0 152 0 0 0 205 150 0 85 136 265 0 385 409 497 294 0 0 0 0 0 0 0 491 0 0 0
0 0 223 225 54 0 80 247 369 238 256 478 301 0 333 0 0 411 349 53 18 244 285 0 0 440 108 326 276 0 0 0 115 0 325 468 378 115 0 73 244 0 0 458 0 176 0 0 318 221 227 0 130 146
0 0 0 216 0 0 134 0 384 0 465 0 0 207 162 450 0 254 99 499 100 0 65 0 19 0 423 0 225 210 205 308 0 0 61 396 0 0 0 0 414 0 0 0 0 0 212 379 180 0 348 218 370 401
0 0 0 0 205 41 187 65 39 0 0 494 0 0 421 0 240 2 251 0 0 326 331 0 0 0 0 0 0 0 162 0 0 0 0 0 0 0 0 463 0 44 212 0 307 0 0 158 0 0 301 0 202 0
0 13 0 0 51 276 0 285 0 99 176 44 0 0 0 0 96 0 25 101 0 0 0 303 0 479 0 0 0 340 0 262 206 0 0 0 0 0 216 0 0 36 485 0 473 7 56 0 0 348 0 279 104 118
0 0 269 0 431 0 236 0 0 0 395 0 303 279 0 0 0 0 0 295 219 13 211 0 0 0 22 0 493 0 0 188 14 244 309 120 196 0 0 0 328 0 0 94 0 0 459 313 0 0 160 0 0 110
0 0 0 268 0 197 21 0 0 0 403 0 0 413 409 0 61 0 0 328 334 0 0 44 101 0 0 300 9 0 213 495 0 0 349 485 69 0 0 0 368 0 108 486 0 397 355 119 0 0 0 0 0 0
0 0 0 37 163 0 303 374 0 0 473 0 49 0 356 0 390 0 0 0 62 0 350 61 0 485 35 0 0 0 0 0 0 387 457 394 0 282 487 339 0 0 0 36 0 262 0 0 462 208 0 0 0 0
0 0 0 9 0 78 0 284 123 0 325 0 115 0 0 391 242 0 0 0 98 385 185 289 179 189 0 0 236 0 0 341 0 0 0 0 0 0 233 238 0 115 59 0 0 234 0 236 0 88 108 463 224 416
0 0 0 0 93 0 0 258 0 0 0 262 0 104 0 398 0 42 0 375 135 0 0 0 0 0 0 0 102 0 207 239 0 447 0 0 0 0 132 0 0 22 0 0 409 132 65 304 62 0 272 0 84 0
0 48 0 0 0 497 0 0 44 7 0 458 422 0 0 0 186 434 0 0 0 283 0 396 0 0 220 0 0 0 0 463 0 352 0 341 35 0 258 0 215 0 319 102 442 480 0 0 0 0 0 154 0 61
0 0 0 0 0 0 182 366 294 0 144 0 334 0 0 184 0 0 376 0 444 0 0 0 0 419 0 0 0 202 0 0 0 0 388 0 273 0 0 0 0 9 0 0 0 445 0 0 0 0 0 0 0 0
0 364 370 0 0 290 167 0 0 0 0 0 399 0 0 0 420 0 0 0 0 0 288 397 0 5 125 238 0 0 0 0 191 0 0 48 63 0 130 0 343 185 0 483 471 132 0 0 0 0 0 53 374 0
0 298 0 0 0 0 0 0 0 282 399 0 434 56 0 0 0 0 242 0 353 0 395 219 120 0 455 45 0 0 383 0 9 12 273 0 0 386 0 22 350 118 109 0 0 0 0 0 290 0 0 0 0 207
0 81 167 0 0 175 401 295 472 383 115 473 388 0 212 433 0 500 64 341 0 302 324 222 0 494 475 415 381 0 127 0 0 20 422 325 0 438 318 0 178 182 299 0 350 0 322 0 0 0 438 95 437 0
0 0 34 0 181 153 18 0 0 0 17 0 0 0 0 485 0 351 325 280 374 0 0 0 0 0 0 0 352 0 0 0 0 175 68 246 0 489 0 117 465 90 0 240 0 282 0 0 128 229 299 55 351 404
0 0 454 0 461 72 0 470 0 71 0 0 0 0 0 90 0 0 60 0 342 0 268 0 129 0 307 211 0 0 0 279 0 279 0 352 118 0 416 373 0 0 0 6 329 69 0 197 266 452 427 0 37 219
0 0 373 0 400 158 0 472 0 210 176 364 0 0 0 353 351 0 113 0 0 251 0 0 0 0 305 19 0 61 0 0 0 246 499 0 416 175 0 0 0 138 0 481 132 285 395 0 419 0 384 29 308 257
0 167 94 461 408 0 0 0 193 0 132 0 0 55 0 9 124 117 0 96 202 0 496 0 0 270 0 0 362 471 150 292 386 152 0 329 0 0 337 100 0 0 186 0 0 270 141 328 26 0 168 108 0 347
0 0 0 0 0 0 288 0 413 249 0 0 419 0 0 187 424 378 343 275 0 216 0 324 292 0 161 77 0 0 0 190 0 0 0 7 0 43 0 0 133 120 281 392 0 0 382 0 0 394 257 0 111 268
0 295 0 0 0 437 0 354 0 410 227 108 0 349 0 471 386 0 0 0 0 0 0 0 0 0 0 0 0 424 450 97 0 0 0 0 300 244 55 435 311 0 0 234 205 0 355 397 435 0 0 0 0 303
0 0 0 0 91 0 261 257 0 0 0 0 53 299 322 0 0 0 0 398 0 195 453 0 0 0 0 453 415 0 19 280 0 0 100 0 0 408 393 103 0 0 402 0 442 0 0 0 0 0 0 0 87 0
0 401 0 177 0 68 80 0 0 0 371 0 0 0 0 301 120 0 0 0 272 0 0 21 0 129 0 376 0 0 26 0 0 226 386 0 0 388 0 225 0 0 0 0 494 0 0 66 0 0 144 341 283 492
0 0 0 0 0 0 0 0 0 0 0 0 0 0 0 0 0 0 0 0 0 0 0 0 0 0 0 0 0 0 0 0 0 0 0 0 0 0 0 0 0 0 0 0 0 0 0 0 0 0 0 0 0 0
