47
0
46
0 0 303 373 0 0 440 80 226 0 122 439 2 299 0 409 97 459 279 0 334 0 0 382 0 0 384 397 0 0 0 0 0 0 234 0 129 67 0 477 345 0 0 329 383 0 110
0 399 370 0 0 0 0 0 132 0 0 0 0 0 0 0 203 31 389 497 341 0 0 0 354 245 102 384 483 0 312 0 0 414 0 0 158 0 246 0 350 79 101 0 248 78 314
0 126 0 434 0 421 0 44 0 211 0 0 0 0 468 448 354 0 0 281 464 37 0 0 463 440 287 52 87 0 0 0 0 153 0 0 104 0 466 0 0 406 191 0 329 0 288
0 0 0 472 77 178 108 186 81 0 288 382 387 0 0 489 148 0 379 0 0 0 420 0 0 0 132 22 275 0 455 0 51 0 0 0 406 0 442 0 0 317 0 234 125 181 182
0 0 0 0 0 152 235 242 0 406 325 74 448 0 0 85 0 0 329 233 0 447 0 0 422 0 381 271 101 470 402 342 310 200 62 0 0 88 0 0 110 269 0 411 0 0 20
0 440 0 0 0 64 0 46 0 337 319 0 47 82 47 362 0 0 106 0 224 417 164 0 361 0 303 0 423 0 0 0 0 126 0 0 0 0 0 0 0 0 0 189 117 0 417
0 206 130 0 195 0 0 0 266 0 187 319 459 0 427 0 214 0 0 52 77 474 403 202 0 0 0 0 446 0 0 343 288 171 0 19 0 455 280 0 73 0 0 0 0 0 29
0 0 0 404 0 0 122 0 0 0 0 0 0 445 0 0 0 0 418 270 0 0 0 0 127 500 0 0 0 0 0 284 434 445 0 0 234 0 0 0 0 342 0 0 0 0 0
0 0 311 433 0 91 0 0 256 0 244 308 109 227 0 0 257 244 0 0 0 0 185 0 0 0 0 268 0 0 140 450 197 295 0 0 0 0 70 287 359 0 390 0 155 0 0
0 0 447 0 264 0 357 0 0 0 235 341 113 0 148 66 0 426 296 0 0 321 0 309 0 39 0 0 0 206 408 442 38 51 0 312 0 106 38 0 0 0 0 462 105 0 307
0 98 118 0 0 0 0 481 255 0 295 0 0 16 0 0 488 0 4 0 0 0 484 154 27 11 439 472 0 0 261 410 138 193 0 0 313 0 0 390 0 0 11 0 0 0 46
0 365 0 0 0 324 0 469 202 0 0 0 0 0 167 160 458 360 122 359 5 0 95 285 484 436 142 0 272 0 0 241 0 71 422 0 0 211 0 33 0 0 352 0 121 0 102
0 144 150 88 0 350 0 210 345 0 358 0 0 0 257 219 0 487 0 344 0 0 114 384 69 0 0 159 0 0 0 0 16 106 0 0 0 0 0 77 67 0 0 8 117 494 234
0 0 459 0 0 454 195 173 308 0 377 0 0 0 419 357 76 0 0 390 30 0 0 0 223 88 0 0 0 0 0 0 0 0 0 382 82 408 0 0 79 454 263 175 0 0 0
0 445 133 0 348 0 0 429 0 289 0 491 456 0 94 499 0 164 123 0 198 0 0 0 0 245 296 475 0 270 0 0 0 202 70 175 0 0 0 300 28 0 13 48 50 286 0
0 0 0 426 0 0 319 0 274 0 462 159 79 0 0 0 0 0 68 0 196 0 0 0 0 0 0 0 261 0 0 0 0 0 69 127 62 0 0 0 0 0 186 171 0 0 0
0 386 0 496 0 426 143 0 0 469 145 0 115 147 57 168 377 0 393 0 123 33 29 0 0 0 63 176 0 31 0 119 303 0 188 186 0 0 0 3 0 38 0 176 372 0 226
0 0 338 0 0 204 187 460 0 0 0 0 269 294 0 98 391 145 327 486 0 379 0 458 58 0 0 0 464 0 493 0 0 138 0 296 487 0 0 0 0 0 0 478 47 0 338
0 0 0 0 0 32 0 402 0 0 338 48 65 0 0 0 28 0 0 0 294 0 0 214 234 279 0 0 0 190 0 193 0 312 0 450 91 150 0 0 0 0 151 116 0 358 0
0 424 21 16 0 0 146 204 154 0 0 229 0 485 0 0 422 0 0 0 0 0 0 0 0 0 0 338 0 0 0 389 0 493 0 0 0 200 0 111 47 0 327 410 0 0 0
0 0 0 0 0 0 0 0 0 0 416 73 0 0 213 0 0 0 0 0 0 0 0 71 5 189 0 251 0 284 0 0 0 418 0 0 170 0 0 378 19 305 79 356 0 0 0
0 0 282 204 0 56 0 242 436 56 0 28 0 0 0 371 0 64 0 361 0 0 0 322 0 247 71 0 0 224 0 0 0 365 343 0 0 0 0 56 416 420 0 0 0 0 0
0 0 429 0 0 321 0 8 202 0 0 0 0 0 0 0 444 0 259 0 444 141 49 464 194 0 0 466 338 0 75 36 81 317 0 83 132 91 0 0 0 422 0 0 0 353 317
0 0 393 104 0 209 0 0 0 0 0 16 352 0 0 0 246 0 0 249 0 396 214 0 16 0 0 398 0 0 0 127 0 101 0 267 102 316 0 111 159 0 179 21 0 0 0
0 0 278 208 0 356 359 18 0 429 0 205 192 0 0 0 0 177 0 0 127 0 0 329 438 276 12 202 0 0 0 0 0 226 0 317 0 355 0 0 175 0 0 109 0 0 140
0 0 56 0 0 137 0 235 0 0 110 26 205 0 361 0 0 0 429 0 372 0 73 332 0 0 0 0 177 0 500 133 213 138 0 0 43 174 0 0 0 0 0 388 66 349 430
0 0 426 0 0 0 0 0 26 410 365 0 283 0 0 401 140 0 201 0 72 0 286 0 120 0 488 58 0 105 170 0 333 0 0 0 0 0 45 363 25 0 0 0 74 224 338
0 168 308 0 0 469 0 0 485 0 485 351 0 0 0 0 0 0 0 174 459 365 0 0 0 0 0 0 451 0 0 0 101 0 297 0 233 285 0 0 0 370 332 0 0 152 0
0 0 0 365 0 275 123 0 0 0 0 0 0 0 0 167 0 0 0 0 374 466 0 0 26 296 234 0 0 0 355 491 322 392 0 360 0 0 0 0 209 496 0 0 0 0 0
0 0 0 268 414 0 0 362 145 0 288 448 0 385 196 402 0 0 476 0 500 0 449 0 180 406 0 0 0 236 0 0 0 0 131 309 268 101 149 0 384 0 0 0 0 0 320
0 0 0 399 0 219 113 0 172 0 0 335 192 0 0 0 89 445 0 0 111 139 0 189 222 281 215 0 13 292 0 0 0 46 0 113 0 0 334 0 245 435 0 0 321 0 0
0 0 409 0 0 0 0 84 0 0 417 0 433 0 129 0 306 378 0 323 0 381 0 154 0 0 23 0 0 0 0 0 291 260 0 323 0 0 0 0 0 0 0 0 241 0 0
0 0 0 1 0 335 0 0 0 0 434 357 151 0 392 457 0 367 12 0 0 0 0 0 96 485 213 375 0 93 220 0 1 0 362 0 0 0 411 0 435 253 270 499 0 0 0
0 0 350 0 0 0 0 0 19 381 95 97 0 0 184 228 0 0 0 0 0 199 458 0 274 190 0 0 354 0 0 0 143 83 61 303 0 0 433 0 0 110 0 0 0 346 0
0 126 194 170 0 304 360 60 66 490 0 0 0 0 361 427 0 260 0 406 0 0 219 335 0 0 0 0 0 0 103 60 497 330 340 0 0 286 0 0 0 0 0 170 0 9 338
0 0 0 0 488 0 0 0 160 109 0 0 275 0 445 478 18 0 229 0 95 0 0 0 435 0 0 0 415 0 446 124 0 457 291 357 0 136 0 0 21 184 164 67 160 388 0
0 147 0 0 439 0 386 0 13 222 369 250 137 0 187 81 0 0 322 65 392 0 0 465 282 191 20 0 29 428 0 0 50 229 148 0 0 0 103 79 0 0 0 383 0 0 0
0 0 0 0 0 0 0 0 0 482 7 0 329 0 0 0 192 340 185 140 0 0 0 0 0 328 0 41 0 0 0 0 0 338 326 0 100 398 0 0 0 0 0 337 138 227 142
0 396 361 284 0 0 457 0 441 245 309 0 14 214 0 402 66 99 286 0 0 0 246 0 477 0 378 0 0 0 202 461 368 0 50 0 0 0 0 349 452 460 0 193 0 42 236
0 0 24 0 199 0 95 19 150 0 357 108 477 364 391 0 0 434 19 248 0 218 0 0 475 0 0 442 0 80 0 119 414 271 16 0 0 0 0 0 0 85 80 433 0 131 0
0 415 105 295 0 0 0 154 80 395 0 0 0 52 35 184 0 224 0 82 0 444 0 0 375 0 317 0 330 0 0 0 0 0 0 0 0 192 0 394 0 438 0 47 0 64 50
0 0 158 46 17 0 23 340 61 179 310 377 216 0 168 7 0 0 0 0 341 0 395 250 351 464 418 0 0 10 0 0 273 0 427 125 0 0 0 0 255 0 406 308 0 321 404
0 0 0 417 0 0 250 0 0 449 0 382 16 0 0 0 0 0 36 0 14 0 472 0 0 0 0 0 489 165 0 393 221 108 427 0 81 29 187 108 0 129 0 0 0 0 79
0 26 0 74 0 12 349 0 133 0 446 0 0 0 225 494 63 139 0 270 403 73 486 280 0 0 0 301 193 473 369 262 0 0 0 0 0 194 16 331 279 150 0 75 0 0 247
0 380 0 63 140 0 2 290 0 120 253 0 0 0 0 474 102 0 0 0 479 94 254 0 0 0 0 320 0 0 0 116 293 0 0 7 0 59 110 0 0 0 0 224 0 0 0
0 133 0 0 286 0 0 9 282 132 99 0 168 0 0 82 333 7 409 0 0 197 170 134 0 0 0 0 105 402 0 0 265 116 0 0 0 5 243 112 0 70 0 0 0 0 0
0 0 0 0 0 0 0 0 0 0 0 0 0 0 0 0 0 0 0 0 0 0 0 0 0 0 0 0 0 0 0 0 0 0 0 0 0 0 0 0 0 0 0 0 0 0 0
