40
0
39
0 218 303 212 0 0 160 0 0 0 0 0 0 204 0 0 146 0 181 0 0 296 0 0 0 59 0 281 0 0 240 112 129 0 320 410 416 6 0 0
0 405 0 183 298 0 0 118 0 0 0 139 0 0 0 0 0 393 10 0 348 0 0 212 0 22 0 486 0 0 446 0 0 407 0 215 84 0 0 0
0 441 0 0 20 477 454 0 51 0 92 0 0 40 93 0 57 0 245 105 489 0 0 279 351 429 23 0 0 0 102 0 384 0 162 259 463 40 0 0
0 0 0 0 0 0 0 0 0 0 81 89 0 2 0 0 0 205 0 0 203 0 0 161 0 0 0 431 0 388 0 0 0 173 34 0 360 0 205 0
0 105 0 1 0 0 267 165 13 479 34 0 0 0 0 0 0 0 0 67 0 0 0 0 115 0 0 0 0 0 0 0 0 139 0 58 351 0 375 0
0 346 161 192 0 442 459 0 190 72 150 0 372 0 0 0 0 0 0 280 0 0 322 0 138 179 390 268 0 30 0 0 0 0 0 0 0 0 0 2
0 0 287 0 0 0 0 0 0 0 163 122 0 23 0 289 0 0 225 197 0 0 0 0 0 0 165 0 0 289 0 0 439 0 220 178 279 425 160 0
0 418 129 0 0 188 0 320 394 0 0 0 0 44 0 132 0 0 0 332 46 0 482 144 258 0 63 0 207 173 0 0 453 0 0 261 0 0 0 164
0 211 0 0 0 406 295 0 0 0 0 270 0 177 191 349 0 428 0 0 186 0 0 404 0 0 0 3 50 20 371 0 0 0 0 0 290 255 0 0
0 277 0 0 146 27 96 0 0 205 493 0 0 0 0 16 42 0 233 356 403 0 0 0 0 0 0 476 379 0 94 0 104 107 0 0 168 0 0 197
0 318 0 0 218 0 316 178 96 0 493 72 0 0 0 116 367 0 0 0 71 0 335 0 84 368 0 0 0 0 385 489 0 0 0 146 0 0 159 455
0 52 0 352 357 0 280 0 0 402 0 304 132 209 0 0 0 0 0 0 248 465 197 0 0 166 174 470 0 0 20 139 143 57 0 0 106 0 214 0
0 0 0 0 0 0 70 82 0 421 0 469 0 0 0 0 141 0 0 0 0 0 55 186 0 0 182 412 497 315 0 0 0 0 161 0 315 443 40 197
0 0 43 0 0 238 0 346 0 488 0 197 0 70 260 112 0 0 481 90 371 0 0 292 265 439 0 412 104 0 0 155 427 480 233 0 439 0 0 408
0 171 0 0 0 87 0 11 0 0 205 0 389 0 0 466 0 154 98 140 0 258 247 0 465 0 323 0 430 0 0 0 0 0 0 0 0 0 105 0
0 0 311 0 0 0 0 403 0 390 0 428 0 0 121 264 0 0 0 0 372 0 0 478 0 0 0 284 0 160 0 0 454 41 339 272 121 354 0 0
0 0 0 0 0 38 0 89 0 373 0 0 0 0 0 49 0 0 39 0 93 75 0 0 432 0 0 0 387 0 355 0 115 317 351 0 0 0 0 63
0 0 0 98 0 35 140 45 208 0 0 0 460 170 64 0 0 0 402 0 483 0 0 321 367 0 0 0 0 0 0 496 0 247 0 497 0 0 120 0
0 122 163 257 0 164 0 0 437 0 42 0 0 0 428 415 126 115 0 0 0 0 0 375 0 243 0 246 0 296 0 0 0 0 424 359 0 228 0 0
0 0 345 0 0 358 0 0 373 88 0 0 0 0 439 0 95 0 260 37 0 462 265 0 403 0 0 62 0 0 0 0 0 220 307 0 231 0 328 479
0 203 0 12 0 191 0 31 128 399 0 0 0 143 486 272 226 0 118 344 325 0 0 138 0 389 0 0 424 0 0 0 0 0 164 106 458 0 0 0
0 0 0 495 0 17 252 0 323 0 0 0 188 472 0 0 3 0 0 23 56 401 0 128 0 420 0 0 0 405 163 403 456 0 45 142 0 0 469 362
0 0 0 0 80 0 382 246 203 24 400 0 456 0 0 150 0 0 443 0 0 411 66 0 0 0 0 0 0 0 402 0 0 0 0 0 458 0 454 0
0 434 468 150 0 50 0 0 249 489 0 0 0 496 0 0 0 0 33 0 168 0 152 283 0 408 175 106 0 0 429 60 0 0 0 202 498 0 0 0
0 0 328 315 335 16 0 0 0 60 0 0 0 89 90 47 0 0 0 0 433 0 424 0 0 476 0 0 277 0 0 58 0 485 0 278 66 0 0 167
0 9 0 102 0 435 389 0 0 86 453 163 0 0 35 439 0 385 228 0 32 0 0 0 0 378 0 207 0 295 45 0 0 0 0 0 0 0 0 0
0 0 0 20 488 295 412 0 0 308 0 327 0 73 0 0 0 50 55 0 120 0 215 339 0 0 278 0 271 396 0 193 0 316 0 175 0 0 419 0
0 0 0 0 360 73 295 0 0 0 0 0 0 0 91 0 197 141 0 425 383 0 0 0 0 0 23 0 0 31 0 143 0 0 0 414 0 0 0 188
0 121 0 0 0 125 0 346 0 0 272 0 0 273 0 0 0 0 0 463 0 0 0 484 309 0 88 385 0 0 418 0 222 0 0 316 0 0 320 0
0 240 0 0 0 0 468 13 374 426 167 0 0 43 0 99 0 301 291 260 0 0 365 92 51 0 0 0 0 262 0 0 0 112 268 141 0 405 0 299
0 0 0 204 0 50 0 99 0 56 26 372 0 365 0 115 380 0 400 0 0 0 213 216 0 354 0 0 0 175 0 0 0 355 297 69 23 0 353 152
0 344 0 34 0 0 0 480 220 342 194 0 269 110 0 0 215 0 4 415 182 0 466 0 477 0 0 0 0 0 296 121 368 0 0 0 197 168 0 436
0 442 176 0 0 10 0 385 0 0 206 436 273 0 210 0 198 0 324 68 242 119 0 317 247 371 0 0 0 417 0 0 349 31 256 0 0 0 243 461
0 402 0 0 0 0 0 18 0 0 174 0 338 0 189 0 0 0 96 0 63 0 0 251 0 371 0 0 0 0 0 0 0 0 0 0 0 0 181 292
0 0 128 142 0 427 128 0 67 485 224 447 223 0 0 0 39 0 487 0 0 0 303 73 177 259 0 149 123 0 482 388 482 120 0 99 0 0 20 0
0 0 0 222 153 410 464 0 415 202 0 304 0 497 0 0 373 0 0 0 0 279 0 133 0 0 36 0 0 0 0 0 453 0 0 44 0 0 86 156
0 320 0 97 411 336 496 0 0 211 0 0 162 0 118 17 0 489 226 0 0 0 0 0 146 0 187 61 0 0 258 0 0 0 183 0 6 0 114 0
0 0 0 0 265 0 494 500 187 0 0 0 318 0 0 0 0 0 329 0 228 0 204 0 0 0 120 115 0 0 191 0 0 261 86 425 405 0 74 0
0 0 0 0 0 284 0 94 0 0 0 0 0 0 0 0 398 0 28 0 0 0 407 419 196 0 0 5 0 10 0 0 0 0 200 0 0 0 197 416
0 0 0 0 0 0 0 0 0 0 0 0 0 0 0 0 0 0 0 0 0 0 0 0 0 0 0 0 0 0 0 0 0 0 0 0 0 0 0 0
