53
0
52
0 0 54 0 95 287 25 83 0 0 25 0 0 423 0 0 0 0 0 0 0 483 181 107 440 418 0 36 0 469 0 0 0 172 156 0 308 0 28 0 345 0 0 0 295 50 165 12 337 449 0 0 492
0 271 491 0 0 191 56 391 76 490 193 495 132 0 0 0 0 195 377 303 479 0 248 228 154 486 0 336 389 0 434 0 0 266 47 0 123 379 341 296 235 162 400 478 0 0 0 338 311 0 483 195 19
0 0 0 0 0 318 272 0 20 233 52 321 469 10 0 0 0 0 0 6 301 0 211 0 377 0 304 252 0 262 0 0 0 368 91 342 466 0 0 0 0 120 290 0 0 0 0 0 347 32 113 0 0
0 0 193 0 0 0 0 0 0 0 0 254 466 209 62 211 361 209 395 0 78 497 0 458 27 0 13 470 0 0 106 327 0 373 54 295 0 0 0 0 0 45 0 0 0 134 496 403 0 291 0 0 137
0 0 393 474 0 0 0 424 0 0 0 0 0 161 172 138 0 0 0 318 0 373 0 198 157 439 0 0 0 197 343 0 361 270 0 0 0 170 0 0 145 0 75 0 0 0 321 351 477 0 0 0 0
0 455 0 302 239 0 0 113 243 30 0 410 370 0 0 0 0 105 0 0 170 0 325 0 431 266 392 0 0 30 0 0 0 142 0 340 0 0 87 373 0 0 171 0 0 0 0 0 0 0 461 0 232
0 0 277 231 425 150 2 296 114 228 390 0 187 0 0 0 370 399 0 135 0 107 0 125 0 7 0 0 0 0 67 0 255 30 0 0 0 17 498 315 0 0 0 0 0 0 1 298 37 235 390 0 29
0 198 333 0 393 0 0 411 0 206 5 0 0 133 197 496 0 0 0 245 387 0 0 0 0 0 159 22 0 0 15 60 0 0 386 0 353 293 0 0 0 465 379 208 0 0 88 0 0 248 463 332 141
0 0 0 0 0 0 190 13 216 106 212 85 383 412 0 0 483 0 61 213 0 118 0 56 357 0 0 0 0 440 0 0 0 70 120 0 190 483 118 210 0 0 429 0 460 186 0 0 0 29 240 0 162
0 285 0 0 0 347 306 0 0 0 82 189 217 0 0 286 462 0 0 328 107 0 122 400 0 0 160 193 142 0 0 334 0 110 0 0 471 0 499 283 207 0 417 0 0 0 420 0 0 0 0 0 499
0 0 0 0 222 91 287 216 0 328 20 166 38 434 0 0 0 0 0 0 361 182 0 0 254 0 44 0 292 24 0 319 0 0 0 0 0 0 0 471 0 0 438 203 0 0 0 0 0 0 409 298 0
0 462 0 0 0 114 154 480 0 0 365 269 0 0 426 475 497 0 0 251 0 0 0 327 0 0 0 0 0 0 0 304 302 0 0 0 283 475 297 0 268 0 19 0 475 82 341 0 0 0 323 0 54
0 467 444 321 0 0 92 0 0 41 0 141 174 309 0 0 294 0 0 0 98 0 0 223 162 0 0 0 269 0 0 0 445 0 0 485 0 121 0 15 307 0 0 253 0 429 0 251 0 215 35 285 478
0 0 327 0 440 0 0 0 0 102 356 0 0 0 0 0 0 254 464 0 0 458 0 22 112 368 0 0 88 265 0 0 214 17 264 468 0 0 336 34 227 310 275 320 430 0 0 0 0 0 71 0 305
0 158 488 0 0 236 381 339 162 0 0 0 406 0 0 0 0 60 0 190 360 285 0 482 362 0 0 0 327 254 0 52 0 69 0 0 0 0 0 212 0 0 0 0 0 0 0 0 0 0 472 0 0
0 122 361 186 0 364 0 0 269 498 0 248 0 376 39 0 0 0 0 0 0 0 0 0 0 0 378 10 0 0 0 0 0 206 315 0 106 0 0 0 491 0 0 461 0 242 0 0 0 0 0 0 0
0 0 431 0 94 124 0 0 411 437 269 221 0 0 0 96 0 0 420 0 289 54 0 322 392 0 0 186 0 0 0 268 0 378 288 246 309 0 239 23 129 296 0 5 0 0 447 184 0 0 0 204 403
0 418 371 3 335 499 0 447 414 265 172 0 24 0 0 210 0 0 0 243 250 63 200 0 0 436 480 74 20 0 0 465 0 0 313 0 0 0 246 0 0 0 0 0 279 366 0 468 447 0 300 295 0
0 0 0 0 31 0 221 0 0 75 0 0 458 467 0 0 0 306 0 0 303 0 0 0 0 0 168 497 0 0 0 0 0 420 0 0 0 0 0 0 0 0 37 57 433 0 16 426 361 0 221 108 0
0 0 0 0 7 0 0 0 72 0 0 267 372 0 0 0 0 0 0 398 0 174 430 0 95 418 0 0 114 0 126 230 0 488 409 0 0 167 0 0 0 0 404 0 185 85 16 143 0 0 272 0 261
0 0 0 178 0 0 75 0 0 0 0 0 38 0 474 237 0 0 8 194 0 169 0 0 234 0 214 0 0 125 0 388 0 377 0 0 0 0 0 141 0 0 289 0 0 0 52 364 0 262 432 0 0
0 492 0 0 0 26 15 208 0 0 103 433 353 496 419 0 0 269 0 460 116 300 336 332 261 0 329 0 0 0 206 322 0 0 422 178 286 0 481 0 301 0 0 358 267 62 0 473 418 0 212 360 422
0 0 0 0 239 142 171 375 0 154 72 0 0 74 0 286 0 414 0 0 111 35 0 44 0 0 89 387 0 217 385 8 0 0 0 0 37 0 497 0 0 52 0 206 211 0 0 0 35 0 0 0 0
0 377 0 0 297 0 113 480 0 0 254 0 0 0 0 0 0 11 103 0 449 0 97 455 478 39 0 80 0 0 0 0 0 351 0 0 0 216 348 384 126 0 0 380 334 0 0 479 0 0 0 0 280
0 0 153 308 100 0 463 0 0 187 0 0 0 396 347 122 0 340 0 0 0 0 0 0 0 0 160 9 312 0 0 8 0 0 0 0 0 22 386 0 0 44 151 0 0 0 302 0 386 285 6 302 273
0 0 0 446 0 459 0 0 0 0 427 0 0 8 0 0 0 0 0 0 193 0 0 375 0 0 0 0 99 0 0 339 206 175 0 462 0 215 359 0 82 0 0 260 0 365 0 235 65 353 0 366 0
0 0 0 0 0 463 0 211 415 135 436 70 394 0 290 0 0 0 365 0 151 265 0 0 490 0 431 0 0 0 0 0 27 0 46 384 0 0 370 0 420 0 0 487 0 0 0 0 0 370 0 245 0
0 289 0 2 100 399 0 0 0 0 331 0 82 162 0 0 0 0 321 345 0 412 481 0 92 52 0 0 401 0 0 202 469 0 0 0 335 0 0 0 0 0 0 180 38 0 367 0 269 122 0 0 0
0 55 0 0 86 475 258 77 51 249 0 129 292 104 0 34 0 222 0 0 0 0 0 408 0 336 0 0 425 8 0 0 0 0 0 367 0 235 56 159 9 91 0 0 77 324 0 0 78 0 0 0 0
0 0 0 45 411 0 0 0 193 120 435 0 0 386 0 0 0 0 0 469 33 0 136 212 301 309 0 0 0 433 455 0 0 0 0 0 297 447 0 63 0 0 0 266 111 41 0 0 0 0 112 305 27
0 0 25 0 0 0 0 243 0 168 0 0 486 283 0 296 182 0 0 178 103 0 0 0 322 0 385 0 358 0 0 237 0 406 65 69 0 0 86 0 118 0 186 0 0 318 485 0 0 149 0 43 261
0 187 0 83 0 0 139 0 0 0 0 0 229 0 0 422 0 0 74 212 0 481 0 314 247 143 9 474 0 105 0 468 0 14 85 0 177 488 0 31 0 343 0 438 138 0 407 431 0 459 46 224 0
0 454 185 0 0 0 426 490 422 0 0 493 0 0 123 0 0 0 0 443 217 441 86 0 0 0 68 0 124 453 163 322 0 429 121 0 0 298 0 0 0 65 0 368 386 0 163 0 0 258 363 0 231
0 10 420 0 362 0 0 361 0 0 0 256 0 0 0 0 209 71 0 0 160 0 0 0 0 23 0 21 151 0 0 0 0 307 0 115 428 0 106 0 0 399 0 0 0 0 380 0 0 0 110 232 245
0 281 0 27 0 0 280 0 0 0 0 0 325 0 373 59 0 0 8 157 66 412 148 0 228 0 473 0 304 0 0 285 0 417 0 230 390 280 28 0 0 450 0 0 7 0 0 0 0 70 71 0 296
0 0 0 0 433 0 0 416 196 188 0 60 0 338 44 149 0 0 0 0 0 0 283 0 320 492 0 0 214 0 0 402 0 86 397 0 240 0 380 0 0 216 0 0 272 0 318 0 0 153 209 0 0
0 0 0 0 396 0 89 0 0 0 0 127 0 0 188 136 0 0 417 367 0 254 0 261 0 0 0 451 0 239 392 0 0 0 48 173 358 56 0 0 0 0 53 226 88 213 472 406 110 221 79 438 0
0 265 0 223 0 0 182 0 0 0 206 177 72 22 0 0 419 0 0 449 59 487 27 0 0 0 106 0 305 0 281 0 0 258 136 0 0 124 0 120 445 0 0 0 392 0 174 0 128 0 398 6 196
0 0 0 183 0 66 0 0 0 0 0 323 220 0 0 0 486 40 0 0 364 0 0 233 0 0 43 343 0 152 0 142 315 307 0 0 149 0 0 315 0 29 63 93 0 422 0 0 0 0 144 412 0
0 0 493 277 0 419 0 225 0 129 0 0 0 0 0 185 0 230 0 0 0 0 387 0 0 129 482 11 339 0 278 127 0 0 0 144 117 283 122 244 232 0 450 0 0 0 0 0 389 439 101 0 0
0 0 0 0 350 215 0 64 353 0 0 0 0 0 279 0 0 183 9 0 102 0 55 0 0 130 0 0 0 0 291 271 0 105 0 377 0 63 0 0 120 0 0 239 112 0 73 0 183 0 422 83 0
0 286 0 182 115 330 70 0 0 0 380 470 0 0 0 281 329 214 388 384 0 278 0 0 0 0 0 0 235 0 358 0 0 0 0 483 0 165 0 101 162 0 211 0 448 125 0 37 77 0 477 0 0
0 0 0 0 0 0 452 438 0 0 242 10 0 0 407 0 0 0 0 315 3 0 391 23 0 151 0 358 0 445 183 156 73 0 0 0 0 0 367 253 226 81 329 267 0 0 0 488 0 0 0 0 437
0 0 243 278 490 0 127 0 0 254 193 0 0 381 0 223 191 293 497 0 0 393 132 0 0 0 0 107 193 0 269 339 0 228 65 0 159 0 0 402 0 0 0 0 36 0 411 378 38 439 0 323 0
0 118 0 0 0 0 0 0 53 166 355 119 147 0 0 0 0 0 315 0 104 0 74 87 0 0 0 0 0 0 0 0 456 0 0 0 304 0 66 0 0 0 153 0 0 0 172 339 31 461 464 480 0
0 257 0 129 0 0 0 333 215 104 0 407 35 0 0 0 0 0 0 56 0 0 0 221 17 416 0 290 0 75 0 0 369 239 18 0 1 0 0 0 0 443 478 458 0 0 156 0 0 248 24 244 25
0 0 0 0 0 0 0 0 399 0 0 0 0 204 0 0 0 3 101 0 0 100 118 323 0 0 313 178 447 0 0 286 0 457 0 0 81 0 0 0 437 0 27 0 0 0 0 0 0 169 0 207 0
0 364 0 108 0 63 417 0 130 222 0 446 0 427 341 0 0 362 0 0 0 388 0 0 0 111 177 0 0 0 188 0 89 0 0 0 364 0 269 0 69 0 0 197 469 33 350 47 0 0 0 0 269
0 0 436 0 348 0 0 0 306 189 0 365 0 0 0 458 289 0 351 0 270 320 0 423 0 0 0 350 338 57 13 421 0 0 0 359 0 0 451 176 0 27 447 187 0 43 0 0 107 143 344 0 0
0 0 0 342 353 0 0 226 35 235 86 0 286 0 0 40 0 288 356 0 440 0 0 68 0 0 370 0 0 0 8 0 251 0 252 0 0 34 0 305 0 210 0 48 0 0 388 0 0 0 0 0 32
0 367 321 499 112 0 481 426 0 264 439 0 250 0 0 0 436 201 0 0 0 149 0 0 167 0 349 0 0 0 0 88 478 0 429 0 233 458 0 202 261 0 0 161 252 114 239 0 0 221 0 372 0
0 0 0 0 0 0 0 0 428 440 0 0 408 416 82 132 0 465 0 0 200 0 0 121 198 0 0 0 0 249 0 0 428 124 0 0 0 0 417 0 0 0 7 0 0 138 0 0 73 0 0 204 0
0 0 0 0 0 0 0 0 0 0 0 0 0 0 0 0 0 0 0 0 0 0 0 0 0 0 0 0 0 0 0 0 0 0 0 0 0 0 0 0 0 0 0 0 0 0 0 0 0 0 0 0 0
