44
0
43
0 0 144 23 426 0 0 0 181 349 0 446 0 0 0 222 0 0 0 0 0 0 0 439 55 483 0 0 0 0 0 0 0 143 0 0 95 0 0 0 0 327 0 180
0 0 0 0 0 0 0 0 394 280 0 0 0 0 0 0 365 28 78 459 0 310 0 258 0 0 0 164 0 0 432 460 111 0 0 51 0 250 0 0 241 0 356 0
0 378 92 0 0 0 0 0 370 408 0 0 0 0 0 0 64 397 0 0 0 219 163 0 0 452 5 15 0 406 0 0 44 0 487 0 0 320 0 457 494 0 0 206
0 0 0 247 0 156 75 0 475 268 192 0 0 356 0 0 0 465 0 0 0 0 0 411 0 421 0 408 0 0 0 0 0 38 0 0 0 218 331 368 283 0 0 0
0 277 302 358 0 0 0 451 32 0 286 496 0 0 0 0 0 0 420 0 376 0 0 157 233 0 312 0 0 444 0 0 0 0 113 0 0 0 391 0 0 377 0 330
0 142 398 46 262 0 397 0 0 0 0 235 0 0 0 0 0 0 481 0 0 0 227 406 80 0 284 423 0 0 430 450 0 0 413 0 349 0 0 0 0 0 0 138
0 39 243 458 372 23 354 96 346 0 0 0 0 0 0 0 0 256 0 321 40 0 0 132 0 14 173 0 0 275 77 176 0 0 0 193 0 13 0 313 0 346 244 4
0 0 198 494 0 393 371 0 0 0 0 0 0 0 0 129 439 0 0 0 0 184 29 52 0 334 0 0 0 42 0 187 0 0 0 352 326 0 0 101 129 0 0 0
0 363 0 111 348 0 462 0 361 0 0 0 51 51 0 0 0 112 459 191 20 314 0 318 0 0 0 0 490 0 0 172 0 0 368 254 166 0 37 0 0 0 0 0
0 364 385 0 0 153 0 0 0 0 0 0 0 485 0 0 0 32 0 10 0 0 0 0 211 0 0 164 243 0 301 392 426 0 0 90 438 0 0 0 0 378 0 52
0 15 0 0 170 196 0 0 130 311 399 0 0 121 374 445 0 0 0 446 0 187 319 257 36 0 0 0 204 0 0 277 0 0 0 0 0 0 0 314 0 305 197 0
0 0 24 150 0 0 0 0 0 400 0 0 350 333 0 0 0 62 206 37 0 0 178 0 0 0 0 0 0 102 0 264 0 0 465 95 0 358 0 0 37 0 178 0
0 0 0 170 0 0 0 222 0 0 0 304 458 0 0 495 32 106 0 21 0 92 0 0 203 0 8 0 0 0 417 0 25 0 66 139 0 0 262 0 254 0 364 0
0 462 166 0 0 0 498 394 322 0 0 180 486 0 175 0 91 323 0 0 0 342 0 279 0 171 280 0 474 0 0 282 0 0 0 0 0 253 0 0 0 0 116 213
0 0 0 29 446 174 0 0 126 406 58 0 0 270 0 0 0 0 0 164 0 390 0 0 0 412 0 336 364 0 0 0 0 493 0 0 0 99 482 120 0 222 340 0
0 0 0 0 0 281 38 0 0 49 427 0 0 478 0 0 0 0 2 0 484 0 0 0 0 0 484 0 120 0 0 0 170 0 0 0 0 234 30 213 0 31 0 156
0 0 0 0 438 0 0 0 0 0 86 346 141 0 249 0 0 197 339 425 0 45 0 281 0 0 65 415 0 449 0 73 307 0 0 410 313 414 438 452 0 0 0 0
0 379 53 0 168 0 0 105 0 385 0 0 0 0 361 282 0 323 0 318 0 0 0 456 53 496 0 208 0 0 0 0 150 74 0 0 0 395 0 0 0 0 0 164
0 420 0 30 419 0 477 0 356 0 0 0 35 25 140 0 0 0 0 0 123 106 0 200 0 24 33 0 0 0 185 223 0 83 0 0 0 0 23 78 0 274 30 0
0 246 0 464 0 0 0 328 0 469 104 0 0 0 0 278 146 0 0 314 0 184 0 90 0 223 410 17 0 0 39 299 0 322 0 0 0 245 0 0 0 344 243 432
0 0 0 0 0 0 0 130 0 0 0 417 0 0 454 0 0 440 181 0 0 0 206 0 0 263 472 0 0 0 366 0 485 118 35 19 0 97 24 184 0 453 238 123
0 256 372 77 16 0 156 385 0 282 36 0 435 0 0 0 0 0 295 312 0 394 75 447 0 0 0 0 0 430 0 0 12 0 0 0 324 373 0 225 0 221 0 353
0 0 209 384 0 380 415 132 0 0 0 0 0 0 208 0 460 490 0 0 383 141 0 0 0 0 0 0 235 337 238 98 262 0 0 277 423 0 324 0 0 124 0 187
0 0 422 316 0 0 462 0 468 137 0 0 0 86 86 138 0 304 255 97 0 0 0 0 0 0 0 266 0 200 26 117 0 318 0 0 0 0 0 0 0 0 0 376
0 316 426 0 0 0 0 0 187 0 0 382 0 0 0 0 0 200 0 0 0 382 320 0 0 119 0 115 0 469 174 48 490 0 341 165 0 0 414 0 472 182 0 0
0 0 0 382 0 490 0 315 0 0 452 0 50 144 0 334 0 494 312 0 33 0 0 0 378 0 0 0 0 0 0 74 0 23 0 86 0 401 0 0 8 95 127 0
0 410 0 0 28 0 346 121 0 0 0 143 207 0 0 0 0 317 0 0 0 0 357 66 0 0 0 225 149 0 492 420 375 0 218 0 0 247 0 0 334 0 373 0
0 0 29 0 290 352 255 403 0 0 356 0 368 0 260 0 0 0 0 133 341 245 0 474 496 0 153 0 22 0 0 0 60 4 83 0 0 0 0 0 0 18 0 0
0 268 116 101 0 487 284 251 486 308 168 0 76 0 275 0 0 468 0 0 0 252 88 162 226 334 201 195 356 217 0 237 0 429 0 0 0 0 0 0 0 0 2 253
0 449 427 408 0 294 0 0 0 0 265 12 208 0 8 0 73 0 275 0 0 37 476 290 38 0 280 0 58 0 325 0 0 192 304 0 0 23 266 0 0 0 157 0
0 0 57 447 483 0 473 0 143 223 0 207 84 399 21 113 0 0 0 0 32 386 338 372 294 0 219 0 63 0 485 138 283 351 0 0 0 64 382 0 0 173 0 389
0 186 0 437 449 0 0 492 293 179 185 0 288 88 126 0 254 0 0 239 200 0 110 100 0 44 0 416 280 0 0 0 0 223 0 0 461 429 0 323 450 0 0 270
0 0 0 321 324 431 66 386 0 0 449 55 34 47 69 137 0 0 283 0 0 460 130 433 0 0 0 0 449 0 0 0 0 0 0 98 0 465 460 224 158 33 0 92
0 314 387 0 0 285 0 0 0 0 466 0 73 69 0 397 129 108 0 0 0 400 0 0 0 211 0 0 0 0 114 0 153 0 357 0 98 0 70 0 38 0 0 0
0 404 0 0 0 0 0 0 272 196 180 0 0 0 0 0 157 0 0 0 0 0 307 159 280 209 328 347 92 139 199 245 0 0 0 204 351 0 0 0 0 240 0 0
0 0 42 0 0 0 0 0 0 60 0 78 0 82 448 111 0 0 9 0 275 57 16 0 270 0 438 0 166 403 343 102 211 485 261 0 0 0 138 444 0 37 106 61
0 0 0 0 0 0 0 156 0 0 0 0 0 176 48 204 0 0 0 228 92 70 130 409 45 0 194 0 0 394 0 0 0 0 432 0 0 467 197 273 0 108 0 337
0 0 60 355 0 0 213 0 0 0 412 398 0 0 0 0 365 35 10 76 0 0 0 0 0 366 207 0 330 0 199 419 0 0 0 229 0 13 14 0 0 0 0 0
0 0 0 222 0 288 0 479 458 138 109 26 0 0 0 308 244 0 274 309 397 207 57 34 0 0 0 54 0 325 0 343 0 40 174 0 200 0 0 339 193 92 61 0
0 0 0 307 248 0 0 480 475 160 0 0 90 445 172 365 182 0 36 0 468 414 0 0 0 90 90 251 0 0 0 0 0 434 485 0 0 330 429 0 0 0 183 0
0 0 0 16 140 0 63 0 104 81 83 0 0 0 0 262 0 0 298 264 236 14 460 307 0 0 127 0 0 270 0 0 463 0 97 0 303 45 0 79 0 125 0 256
0 83 0 34 122 0 0 0 0 106 0 177 0 0 231 0 0 0 0 194 0 392 0 127 0 0 0 0 62 0 0 102 0 0 78 207 0 148 0 413 0 0 448 0
0 438 0 15 0 0 250 0 240 0 0 332 0 0 0 0 0 0 193 9 433 0 0 209 0 0 0 0 19 60 0 39 117 0 484 175 0 138 138 396 0 484 45 312
0 0 0 0 0 0 0 0 0 0 0 0 0 0 0 0 0 0 0 0 0 0 0 0 0 0 0 0 0 0 0 0 0 0 0 0 0 0 0 0 0 0 0 0
