64
0
63
0 0 16 0 0 0 0 220 197 359 327 0 74 0 0 0 0 498 0 239 0 235 0 0 0 0 0 0 0 27 240 0 0 0 38 220 0 78 0 0 250 0 0 283 0 104 0 492 0 0 404 0 0 0 0 141 235 0 86 0 339 0 0 105
0 0 0 0 161 95 0 0 0 262 225 373 0 0 156 211 0 362 81 0 0 427 373 371 500 0 0 0 0 0 59 344 455 0 0 0 444 485 0 0 234 459 0 126 0 431 0 0 0 0 0 293 383 0 123 0 8 79 103 0 468 0 0 0
0 297 8 0 0 0 0 301 0 0 0 347 0 0 402 0 360 0 0 56 0 327 475 0 398 0 0 0 375 0 245 195 0 0 0 261 0 0 0 0 0 0 0 0 0 245 121 0 7 0 271 0 0 244 0 0 0 487 462 0 0 277 259 0
0 472 158 451 396 0 0 174 58 0 0 0 0 0 357 0 60 0 0 0 0 493 296 0 0 232 48 114 197 175 35 0 353 127 0 159 0 0 496 0 0 358 0 0 0 0 139 0 0 0 272 0 0 0 0 132 0 6 202 51 0 90 25 0
0 126 0 0 0 0 0 0 0 35 0 0 0 0 0 0 79 385 0 0 0 24 434 166 0 193 0 0 0 139 0 124 473 235 269 254 486 55 0 0 477 0 293 290 0 0 280 214 202 0 0 0 0 0 474 393 0 0 229 195 164 0 53 0
0 280 0 0 396 0 0 60 0 0 0 0 336 0 163 0 0 0 0 0 0 0 198 0 209 28 0 201 0 352 317 478 0 0 0 0 0 0 394 307 0 0 0 0 9 0 190 472 0 434 227 164 0 362 0 0 0 359 355 240 0 0 406 0
0 87 0 0 0 0 0 0 358 0 0 381 0 218 109 0 120 451 233 0 464 150 0 0 33 123 339 351 438 0 0 65 0 112 0 0 435 0 470 0 0 302 0 472 226 65 0 156 318 353 0 0 316 0 315 187 0 0 0 484 0 0 0 0
0 267 0 0 0 57 301 36 0 0 146 64 0 409 0 110 472 0 40 0 0 422 0 0 0 90 0 0 246 473 0 0 0 0 495 1 0 498 343 143 294 204 0 439 0 0 127 0 472 208 81 0 0 0 0 0 177 0 0 119 0 0 156 0
0 0 0 0 94 0 76 0 0 133 0 374 0 0 210 0 0 481 278 0 0 0 271 283 189 0 90 39 223 0 0 166 0 256 0 490 0 470 72 56 476 436 0 46 479 282 147 200 452 327 313 0 0 0 0 435 405 0 188 177 0 0 0 0
0 0 0 0 0 0 0 0 0 0 0 105 0 0 233 21 238 186 0 493 465 0 0 0 261 442 0 0 440 78 0 0 343 172 0 283 262 447 9 0 279 0 244 0 0 478 0 0 0 0 159 109 200 0 0 0 0 0 80 0 484 86 0 294
0 336 231 0 406 0 357 0 480 0 372 0 75 220 287 413 0 62 0 0 212 0 0 0 307 162 61 0 0 396 275 23 0 0 0 2 0 209 0 213 371 102 0 100 0 0 0 297 0 111 0 0 0 0 0 0 0 27 0 0 0 0 0 106
0 0 201 467 0 225 85 0 0 268 0 149 169 0 0 0 0 282 245 0 0 136 0 0 214 493 196 440 255 0 0 456 124 174 137 0 164 0 356 375 272 0 161 0 0 0 143 35 213 0 0 329 0 368 0 478 0 250 0 302 232 0 266 105
0 160 346 144 0 0 84 177 466 408 196 0 290 494 420 5 215 0 36 0 258 0 105 0 0 0 0 0 0 0 0 0 0 0 0 0 0 0 0 116 248 91 396 147 456 444 12 0 0 0 0 0 0 0 0 0 67 0 0 187 0 0 421 0
0 0 190 128 0 0 0 454 390 0 0 0 0 180 0 251 0 376 0 0 404 0 213 0 103 0 200 314 0 0 0 0 0 353 0 0 243 167 0 0 0 0 238 22 0 0 0 275 0 0 0 0 0 68 311 0 498 0 223 0 0 0 315 0
0 0 0 56 0 432 67 134 0 83 291 0 440 146 349 305 275 197 0 368 0 0 0 321 341 75 0 0 226 0 69 0 0 0 0 178 0 307 282 191 151 0 0 392 0 212 0 295 0 178 0 395 97 0 365 0 253 401 32 0 0 187 0 0
0 0 0 0 99 0 0 498 152 0 0 342 0 0 393 0 0 29 0 100 246 0 0 440 215 0 296 0 96 0 0 0 269 0 0 322 0 0 0 0 406 167 378 493 0 88 0 0 0 275 179 0 0 444 123 0 328 0 138 0 411 466 144 246
0 169 325 407 0 103 414 0 427 270 0 0 0 157 0 165 0 0 0 2 471 0 0 0 0 112 33 0 0 0 0 0 236 0 461 62 0 54 400 0 0 0 0 41 427 0 0 0 372 0 114 427 0 0 0 0 0 48 0 0 438 0 277 0
0 0 6 0 0 0 0 141 3 0 164 406 0 356 161 0 0 132 273 0 0 24 0 0 0 0 430 0 0 0 339 2 464 0 0 106 0 0 0 260 34 381 89 0 93 0 234 0 0 356 0 0 0 0 59 0 0 0 432 194 289 0 376 0
0 0 0 252 0 0 0 59 0 42 286 0 225 0 439 0 0 0 23 0 0 0 127 0 364 424 0 344 0 198 0 287 0 433 0 284 0 0 0 85 0 394 0 0 0 0 179 5 2 0 237 76 286 0 0 222 329 0 0 0 426 485 0 0
0 14 54 0 0 229 300 30 0 79 0 0 98 271 0 0 0 172 215 266 169 0 0 197 234 268 270 290 0 0 0 0 314 409 381 372 0 474 0 307 0 0 0 0 85 162 461 466 246 0 0 19 0 20 0 0 123 0 452 0 0 0 240 32
0 0 0 83 0 482 295 379 0 186 313 0 254 141 0 0 324 110 0 0 0 0 494 19 122 272 99 461 188 341 85 409 398 0 0 0 11 0 429 0 382 0 0 0 0 0 0 236 0 286 0 0 0 0 33 0 2 0 0 380 123 201 0 207
0 0 0 165 0 0 226 170 0 0 0 0 335 0 0 71 139 452 0 279 210 326 149 0 166 0 86 0 224 0 356 71 83 0 0 328 172 346 466 0 123 0 347 459 0 0 0 146 187 0 0 422 0 0 88 0 0 0 0 368 429 23 0 21
0 61 0 67 471 166 0 0 0 91 286 85 0 0 0 62 0 0 0 220 422 252 414 0 0 148 316 118 474 0 0 425 9 239 0 0 0 457 153 0 0 0 0 0 403 141 0 431 0 481 0 401 0 0 413 119 267 133 216 110 368 0 0 0
0 0 153 170 0 366 56 411 0 0 230 0 284 0 111 147 0 176 282 0 0 0 428 0 309 0 0 0 355 0 0 126 0 0 4 224 188 1 0 0 293 0 0 0 117 0 0 333 250 0 0 78 146 0 0 131 234 213 0 0 0 0 201 149
0 0 0 0 429 0 0 0 22 0 43 0 74 0 246 365 427 168 100 370 242 374 390 0 0 0 0 480 0 317 0 0 217 293 0 0 0 0 165 492 0 0 0 0 285 333 0 0 0 0 0 297 129 194 445 191 105 187 177 0 0 182 0 98
0 0 0 413 0 152 0 269 0 0 179 0 281 451 256 0 274 0 0 387 278 0 0 14 0 0 0 0 0 0 427 481 429 392 0 0 0 2 0 0 486 0 403 45 354 0 88 216 288 0 201 314 454 442 0 0 17 108 255 90 444 397 485 273
0 0 0 360 0 0 0 0 160 0 0 138 0 1 138 0 0 0 305 36 0 66 118 0 0 0 0 0 0 319 0 243 0 17 0 304 0 23 329 240 340 203 0 0 444 0 6 147 0 467 191 0 0 0 472 0 173 283 36 132 0 28 497 0
0 214 0 272 318 0 163 116 161 327 0 139 92 385 0 0 391 176 0 0 64 0 126 327 0 0 300 0 0 0 277 437 377 80 161 132 0 0 430 132 0 53 0 408 0 0 0 36 0 0 0 0 271 0 0 116 0 0 0 92 0 292 287 0
0 224 0 0 0 0 366 0 0 0 438 432 0 199 314 0 0 0 0 66 0 304 0 363 402 12 321 113 141 0 0 372 0 422 443 0 0 70 153 300 0 0 0 219 0 384 282 445 0 445 86 0 0 112 0 0 271 0 52 0 0 0 0 0
0 185 0 0 0 0 96 171 394 496 0 150 0 0 297 0 0 0 71 0 0 0 0 0 111 62 154 16 351 21 74 0 240 0 7 0 0 0 0 0 103 0 0 0 129 0 0 193 171 0 387 120 0 0 0 373 383 70 0 172 0 351 289 360
0 0 0 301 185 377 0 0 0 0 0 0 0 0 355 420 0 0 0 284 0 0 0 0 0 197 0 466 255 466 272 0 31 0 0 236 0 469 0 0 0 414 0 0 391 0 223 0 0 0 0 0 0 0 465 242 0 323 0 0 0 441 379 0
0 426 0 355 276 140 390 0 0 0 0 204 0 47 403 285 0 0 431 0 0 0 0 0 218 36 272 0 0 398 0 0 217 185 76 132 0 28 0 262 0 0 272 0 0 0 0 0 373 0 0 432 492 316 0 0 0 296 389 0 0 0 0 0
0 0 0 192 152 0 0 435 0 0 291 460 260 0 446 0 0 0 0 0 75 63 0 0 416 440 0 271 312 114 477 0 281 83 0 0 68 0 403 0 0 248 85 0 0 264 153 0 393 400 299 102 187 58 0 497 160 337 401 0 0 0 269 285
0 214 0 0 201 0 0 0 216 0 0 334 286 0 280 0 0 306 497 473 204 408 23 409 352 0 195 0 0 0 0 0 0 283 0 0 435 0 448 0 0 0 0 0 0 0 0 0 0 0 394 479 63 62 454 31 0 0 0 295 0 0 0 15
0 207 351 0 287 0 0 0 167 302 381 315 0 0 29 0 0 442 0 320 0 435 380 105 0 0 0 144 0 102 0 241 0 0 212 0 346 0 0 0 0 216 0 402 0 0 128 82 0 281 0 495 234 0 250 124 464 485 0 0 150 0 0 0
0 0 0 0 0 0 12 0 0 46 0 0 0 0 330 0 2 0 191 0 0 0 337 354 0 0 0 451 0 427 0 426 0 130 0 0 62 24 42 2 371 80 117 0 0 483 0 0 0 281 211 0 0 485 483 119 0 253 0 357 0 433 0 472
0 0 0 313 0 167 0 0 0 460 187 0 0 496 261 0 485 238 388 0 0 0 0 0 0 0 0 0 416 0 0 171 0 474 0 123 0 0 120 0 23 374 0 0 0 265 292 0 205 0 0 0 422 102 0 274 0 0 0 0 313 400 0 140
0 0 0 0 0 0 0 239 0 45 34 77 161 0 0 422 0 0 0 98 0 0 407 0 0 0 0 182 184 485 215 247 422 142 265 0 311 25 0 107 0 0 227 0 0 0 0 0 11 0 114 179 0 0 119 154 0 492 137 0 0 400 0 37
0 56 177 0 0 144 138 0 285 0 44 0 166 0 0 452 26 0 268 409 187 0 182 0 0 132 0 312 99 113 447 128 469 208 0 358 225 0 184 0 0 0 0 0 0 244 0 309 264 296 181 0 184 372 153 0 326 0 455 174 284 496 0 425
0 0 0 0 78 0 0 0 0 0 0 0 0 88 0 447 370 0 0 400 122 466 0 164 377 0 0 0 0 0 0 1 0 0 0 200 322 0 0 0 451 0 13 37 0 382 69 0 0 331 0 0 92 475 224 316 271 0 0 0 0 313 0 409
0 0 178 0 278 0 0 0 0 0 249 146 496 318 0 0 198 478 0 152 0 0 0 0 0 0 0 0 0 122 0 33 0 0 0 0 142 245 12 0 389 146 208 0 320 0 469 0 44 308 0 358 0 363 0 393 0 228 0 0 0 0 0 0
0 0 0 0 0 0 0 0 0 0 0 0 449 357 0 263 164 0 0 0 0 0 0 0 0 277 347 229 0 84 0 261 0 0 0 0 183 0 0 0 493 0 0 0 182 45 0 0 0 394 0 0 0 217 0 0 364 495 171 0 401 420 0 0
0 290 0 0 0 60 0 0 321 325 245 0 72 0 222 0 268 0 385 245 29 0 0 141 0 0 0 324 0 0 427 140 375 0 0 452 0 0 0 0 450 0 272 0 208 0 0 0 0 0 0 126 261 190 0 475 0 307 0 0 0 0 358 0
0 0 258 139 0 22 0 481 0 0 225 50 252 360 0 0 0 147 464 0 0 338 0 185 0 0 0 0 0 310 458 0 487 0 411 232 0 0 0 70 448 112 0 0 0 345 407 0 414 0 0 450 175 0 0 213 201 0 0 0 0 0 358 499
0 0 0 171 0 0 107 51 0 460 0 338 125 0 0 0 337 0 213 64 0 155 0 0 0 0 0 0 134 163 0 0 357 236 0 0 0 471 136 365 0 39 0 0 0 0 0 311 0 0 325 395 291 0 0 0 0 218 0 0 0 351 0 0
0 0 160 0 49 259 203 0 0 227 239 0 0 6 101 399 4 0 0 0 0 0 282 0 0 0 0 0 338 425 0 0 0 8 195 0 424 0 0 0 312 0 0 228 0 0 94 261 0 0 402 0 154 449 116 0 192 0 478 83 410 0 6 94
0 0 303 0 0 325 0 0 0 0 0 183 0 0 0 413 0 10 0 0 135 262 0 131 0 223 0 239 117 0 0 452 309 0 0 146 0 0 0 377 63 295 0 230 0 265 0 0 484 0 0 160 0 483 137 440 0 0 0 331 0 63 0 0
0 0 312 0 0 0 148 247 388 0 0 209 0 279 368 0 390 0 289 0 0 0 0 0 0 67 219 33 329 372 438 0 42 169 0 0 0 29 0 159 0 0 0 274 69 0 197 207 0 193 0 0 386 0 0 0 280 0 0 0 0 0 0 321
0 0 0 185 0 0 466 31 0 0 0 409 372 0 0 283 0 0 0 291 357 300 486 0 0 0 340 0 133 202 41 0 0 359 0 240 387 22 0 0 0 0 492 18 0 0 0 0 102 0 414 85 353 206 0 0 445 0 16 0 375 469 102 0
0 477 0 299 163 0 0 186 0 488 0 186 348 0 0 0 0 488 0 78 180 0 0 0 0 18 208 178 0 485 0 0 0 265 0 0 0 277 0 131 0 0 0 0 0 460 0 0 196 340 0 0 279 348 348 0 153 0 336 147 220 168 0 300
0 54 0 0 256 0 146 0 0 0 0 135 399 18 478 424 0 116 477 155 82 0 479 0 377 0 0 20 0 317 0 203 0 0 0 332 0 0 0 377 0 0 50 0 0 0 421 276 0 0 0 0 463 328 342 0 0 0 78 257 0 0 341 0
0 0 0 99 0 0 0 0 4 0 0 0 349 0 65 52 0 0 95 0 0 0 374 0 0 0 140 395 412 0 113 0 0 3 0 0 232 438 0 311 0 0 191 0 0 0 0 390 333 268 311 0 0 0 0 446 98 0 66 326 370 0 0 22
0 140 0 299 0 0 207 0 197 0 100 433 85 0 469 0 0 0 0 195 297 156 257 0 202 0 0 459 0 0 0 0 496 0 0 0 251 0 0 57 313 484 320 274 0 0 26 453 0 0 0 0 0 0 0 139 248 0 0 175 252 403 408 300
0 436 0 412 0 0 0 0 0 366 190 0 352 0 495 61 417 0 0 0 0 0 396 0 0 108 328 166 237 468 103 321 109 0 0 495 238 0 0 0 254 0 0 469 0 342 19 290 0 201 399 0 0 0 401 174 54 0 489 16 328 60 141 0
0 9 383 334 0 187 0 0 0 0 478 0 136 65 445 43 0 94 0 212 0 6 282 0 0 0 0 494 437 0 0 0 303 328 228 338 470 0 0 120 157 0 0 330 0 0 0 0 0 0 0 211 223 144 0 0 490 375 0 0 321 125 0 27
0 0 434 0 204 198 0 0 0 0 417 278 360 0 342 161 0 0 215 0 0 0 379 30 126 0 0 0 315 0 219 0 0 126 217 0 189 412 413 494 0 347 0 100 0 0 0 0 0 0 139 296 346 0 0 102 320 331 0 129 102 0 0 485
0 427 0 305 0 171 408 0 65 0 151 0 0 0 0 0 0 62 358 156 218 0 0 285 235 0 183 0 0 448 392 0 313 177 0 0 0 226 0 0 0 9 0 16 164 323 0 0 0 212 0 0 0 0 106 0 80 0 0 96 0 0 0 488
0 0 0 0 0 403 0 33 0 0 0 0 119 215 0 0 280 0 356 230 0 284 0 0 0 0 270 437 0 0 450 256 349 0 147 323 113 0 0 0 0 0 0 119 0 327 268 0 182 0 326 0 0 0 204 0 0 0 47 0 386 0 0 0
0 167 0 0 0 464 0 0 147 103 284 139 0 389 208 199 0 0 0 70 0 0 0 0 0 28 393 0 0 0 0 0 0 0 224 116 42 490 0 0 245 367 0 0 365 0 0 403 0 0 298 286 0 96 0 282 0 58 0 448 469 0 0 0
0 0 0 64 0 0 0 0 0 0 0 0 0 145 254 0 234 0 0 131 0 271 0 0 390 450 151 103 160 417 0 281 464 354 242 0 0 12 381 368 170 455 414 0 0 0 0 211 493 0 121 0 0 285 33 166 428 0 96 0 0 0 0 0
0 50 362 0 218 0 0 0 0 0 467 151 0 0 0 49 0 16 0 0 357 0 0 498 395 429 76 0 410 0 0 0 0 0 0 0 479 173 123 0 0 493 340 460 274 0 0 0 0 0 0 284 209 242 367 0 194 0 203 196 39 10 444 0
0 0 0 0 0 0 0 105 401 441 233 0 193 0 0 0 0 0 167 0 418 110 0 0 248 30 284 0 269 254 0 0 63 0 0 0 0 11 227 0 264 158 0 81 0 429 0 0 0 0 0 304 474 443 0 0 173 93 0 99 0 127 393 65
0 417 0 0 0 0 321 0 0 126 115 169 0 388 421 0 23 0 0 0 0 0 220 0 198 0 241 0 170 164 0 0 143 0 158 0 0 0 375 0 287 315 370 441 0 0 269 228 0 389 25 39 158 0 320 450 0 361 0 0 0 206 54 357
0 0 0 0 0 0 0 0 0 0 0 0 0 0 0 0 0 0 0 0 0 0 0 0 0 0 0 0 0 0 0 0 0 0 0 0 0 0 0 0 0 0 0 0 0 0 0 0 0 0 0 0 0 0 0 0 0 0 0 0 0 0 0 0
