49
0
48
0 482 0 0 0 0 481 129 0 0 0 423 0 0 0 0 477 0 129 389 347 0 452 45 426 326 0 0 0 0 208 0 305 0 0 0 425 0 0 433 411 0 403 0 0 0 0 0 500
0 0 485 0 71 305 0 0 340 59 0 0 0 0 123 0 121 95 22 43 0 0 90 0 0 125 164 0 108 0 0 0 0 166 0 131 0 0 94 21 137 360 0 152 33 0 474 145 97
0 70 229 479 110 236 0 0 0 0 463 244 0 52 247 177 0 0 456 0 0 0 0 323 0 429 0 0 372 0 424 0 127 120 119 0 0 0 39 0 221 0 0 36 0 0 17 0 0
0 269 281 0 348 304 215 256 0 194 0 0 0 0 421 244 15 413 0 0 273 4 0 371 132 0 51 0 0 0 493 0 0 295 74 345 0 0 0 2 419 0 107 384 195 0 497 12 55
0 29 0 0 353 0 254 412 19 322 198 0 0 0 147 248 0 167 0 471 0 0 169 0 0 0 0 29 259 0 0 0 309 0 0 222 0 0 0 310 440 241 0 300 0 0 352 387 0
0 0 83 0 48 327 0 0 0 0 0 337 0 0 0 0 0 0 0 372 0 0 496 210 0 290 0 0 0 123 0 256 161 375 165 165 0 0 0 0 221 418 0 0 211 197 225 0 0
0 0 437 109 258 0 0 338 0 0 168 0 0 0 0 24 460 0 68 381 0 469 0 0 483 274 142 0 0 0 0 0 438 0 0 458 0 0 0 430 0 310 41 0 432 0 222 207 0
0 0 187 377 9 0 0 0 377 53 168 0 418 0 195 121 0 346 0 0 26 297 0 0 0 0 0 108 373 0 0 0 120 0 0 0 211 179 397 0 0 0 0 0 101 0 0 0 426
0 0 0 21 259 215 50 0 0 0 459 374 286 186 0 0 0 400 0 14 0 0 0 232 0 0 392 0 70 0 0 117 40 0 0 398 470 0 0 116 0 375 486 0 0 0 125 11 0
0 0 382 0 0 364 0 0 272 11 337 136 0 362 20 0 306 313 302 142 489 146 276 265 0 172 289 0 0 0 0 0 0 252 0 0 0 0 0 242 198 0 295 0 0 0 322 0 0
0 0 0 0 416 129 0 419 0 0 0 0 0 32 264 214 491 0 0 78 0 0 295 330 265 0 468 362 475 263 475 0 455 436 0 0 251 233 0 0 0 0 0 348 114 0 147 420 0
0 0 0 89 363 0 123 264 0 258 79 476 0 390 0 0 0 0 165 0 0 0 0 414 0 0 76 81 0 0 0 181 0 327 0 390 0 0 80 233 0 0 0 0 0 471 153 0 0
0 429 0 0 0 332 0 0 340 340 0 320 120 184 0 186 0 0 0 0 0 44 0 31 494 368 0 413 79 116 0 0 111 0 178 329 0 0 53 0 0 0 65 368 0 0 237 0 0
0 226 0 193 0 0 0 0 17 0 0 331 382 0 0 0 104 191 0 162 266 0 0 0 0 0 386 0 0 0 169 0 0 0 0 204 0 0 144 0 117 105 356 205 238 0 0 211 9
0 0 0 0 0 72 183 307 0 336 0 313 94 13 0 396 146 379 0 0 0 0 0 302 10 0 0 0 0 0 0 0 0 49 274 0 0 0 0 65 0 451 0 0 0 0 0 31 0
0 368 0 0 411 276 396 0 0 0 152 466 389 0 417 0 67 0 144 461 0 84 0 234 0 0 0 0 0 0 0 0 0 53 0 0 73 0 60 345 314 0 180 0 438 273 13 0 0
0 238 11 0 0 0 0 20 116 85 357 429 104 0 0 0 0 0 0 488 0 256 0 16 490 0 0 0 431 305 0 0 397 185 416 0 0 0 0 93 0 281 0 484 0 0 61 0 448
0 469 0 78 137 373 398 0 155 0 244 0 119 0 0 296 0 224 482 51 50 280 0 457 395 0 312 0 106 0 391 0 85 0 0 0 0 76 99 0 0 19 0 109 0 50 476 0 458
0 153 0 336 101 0 229 0 421 0 70 75 0 0 0 245 0 0 0 0 0 0 0 0 0 0 0 0 0 181 0 0 0 184 0 0 183 0 160 170 0 0 0 0 484 497 17 0 0
0 378 0 0 0 0 33 308 159 0 0 99 0 316 473 295 64 426 393 0 308 0 0 0 378 357 325 450 3 262 370 204 0 0 425 354 0 395 0 0 484 352 0 474 208 0 0 372 74
0 0 0 0 253 352 187 188 0 161 0 362 0 0 0 71 0 0 0 64 0 0 323 243 152 0 353 0 0 0 116 286 0 0 26 0 165 0 111 324 486 0 80 27 0 0 0 33 408
0 305 0 0 0 190 382 139 187 0 0 0 42 0 0 438 0 84 0 147 0 0 279 299 0 290 0 0 79 0 0 429 301 0 114 0 0 398 0 380 430 315 0 0 0 69 0 90 0
0 72 18 0 0 370 0 0 0 0 471 152 0 401 184 0 385 0 0 261 0 0 50 0 0 0 0 0 217 0 0 0 275 199 0 0 0 0 0 0 0 0 451 0 0 0 0 474 0
0 172 0 0 439 129 86 402 296 325 0 0 0 0 0 175 0 0 60 269 0 477 378 257 473 182 14 0 0 15 0 0 0 0 0 243 394 0 0 0 0 0 0 408 0 216 0 0 0
0 473 0 0 0 303 0 0 491 419 208 0 174 0 0 168 0 0 0 394 195 0 0 0 0 0 73 0 0 0 0 0 0 0 72 223 0 483 105 33 0 331 207 3 303 0 267 0 418
0 298 0 128 0 208 202 0 0 0 363 0 42 464 432 0 0 0 102 174 0 0 155 101 40 0 86 0 0 189 0 54 226 0 0 0 0 463 234 137 0 0 0 0 0 0 0 0 103
0 0 0 0 0 341 328 283 0 0 0 322 90 183 0 440 0 0 0 62 0 0 0 0 293 0 33 0 495 345 417 0 0 0 0 282 0 0 153 50 0 55 0 0 112 335 384 0 0
0 0 0 0 277 0 472 179 344 0 0 0 0 52 0 439 386 0 0 0 0 0 0 488 0 13 411 104 0 482 0 0 260 423 0 0 0 245 395 10 0 200 0 105 411 0 0 0 0
0 0 0 0 0 0 0 453 0 163 234 0 137 0 92 0 0 0 0 0 0 0 305 271 0 489 491 472 0 211 0 102 0 0 388 0 0 0 0 0 325 0 154 481 429 0 0 96 261
0 208 0 0 76 275 0 40 0 0 0 0 0 437 35 40 0 0 446 214 0 0 0 0 111 430 441 448 393 414 345 352 334 0 0 138 373 32 0 0 0 442 0 0 0 417 0 333 257
0 0 0 433 227 424 0 0 45 12 392 0 5 269 0 0 0 0 0 455 2 0 0 0 0 0 0 0 368 5 0 0 0 345 0 164 420 0 58 253 432 0 0 0 0 486 0 487 129
0 6 318 0 0 0 0 0 177 0 278 0 0 0 0 211 0 0 0 0 162 0 263 290 0 31 0 0 0 0 0 0 7 209 260 0 121 296 0 124 0 0 0 220 0 0 0 458 414
0 374 428 80 0 56 0 0 254 136 0 197 50 34 0 0 267 0 0 435 0 0 0 349 0 0 0 441 0 476 224 0 0 0 311 500 381 300 0 348 0 0 134 306 30 0 192 0 266
0 0 102 0 213 0 0 56 0 9 4 0 0 0 0 0 353 0 0 251 467 180 0 0 468 0 0 174 0 0 307 273 49 0 0 73 0 51 0 480 463 116 0 0 0 0 298 218 227
0 0 0 0 446 0 0 60 0 0 0 483 93 0 9 0 0 0 0 0 287 313 0 284 155 143 0 0 0 0 260 441 0 236 74 221 454 0 396 0 0 76 0 18 0 0 184 0 198
0 0 0 105 0 183 0 101 0 115 403 0 0 63 0 323 0 273 0 0 0 0 337 218 0 0 0 201 0 0 58 267 0 47 226 0 0 0 440 0 0 0 0 0 0 0 331 46 292
0 8 0 0 187 0 0 0 0 207 435 308 442 0 0 0 0 0 0 0 23 0 136 197 0 0 144 0 0 358 349 0 0 0 0 0 0 350 194 0 0 0 0 0 0 128 0 60 0
0 0 0 0 0 0 293 59 0 0 0 287 0 75 481 304 0 0 0 0 0 0 286 0 3 0 0 0 0 161 0 92 40 271 0 454 360 0 6 0 0 279 474 495 0 288 113 0 93
0 0 227 218 401 152 32 0 53 0 0 0 461 0 168 409 0 0 0 0 65 0 0 419 205 317 196 0 233 343 224 245 252 100 0 0 413 0 28 0 0 264 448 0 0 43 0 0 212
0 0 0 370 189 475 0 477 0 0 455 0 140 0 269 0 0 0 311 439 163 100 163 0 4 268 298 81 0 182 0 0 299 0 114 0 387 0 0 286 0 244 0 0 0 0 49 358 274
0 259 0 0 444 0 180 0 104 0 0 197 0 228 0 0 82 0 218 133 179 0 0 167 0 392 428 30 0 393 397 405 0 0 0 0 164 0 437 0 335 0 485 1 493 81 0 443 0
0 1 0 282 0 0 0 317 463 0 189 37 206 141 159 0 189 417 0 0 187 0 94 416 261 276 0 0 0 264 474 0 0 408 422 85 241 0 127 394 0 488 413 61 0 9 7 0 2
0 0 314 0 0 0 198 0 336 0 0 0 0 0 149 0 446 0 0 0 0 0 0 0 0 319 2 270 0 0 0 0 151 0 0 0 393 0 490 0 443 328 0 0 0 0 0 256 222
0 0 0 0 0 0 450 259 0 412 359 499 0 0 53 216 451 0 0 0 0 0 0 73 368 0 0 0 279 150 60 35 0 0 0 185 0 0 0 83 0 0 54 13 0 125 40 142 0
0 369 466 324 0 0 0 387 17 0 0 452 86 0 0 0 0 0 0 138 0 459 0 174 0 398 0 341 0 0 395 0 0 164 0 0 0 0 408 0 0 0 0 393 0 485 454 0 0
0 216 0 440 268 0 50 0 380 497 187 0 0 0 0 0 0 0 0 292 0 0 0 359 0 421 419 444 426 0 0 175 178 0 0 0 0 220 0 0 362 0 301 0 0 488 0 0 0
0 0 72 0 0 471 0 485 233 236 0 69 0 0 0 353 305 0 360 0 409 290 0 291 0 0 257 0 0 0 0 0 317 0 0 176 0 0 0 252 0 0 0 0 423 0 0 0 0
0 0 0 57 202 0 0 0 72 277 457 0 218 0 194 465 0 0 0 0 130 0 0 240 133 39 362 0 0 251 131 222 65 314 0 0 132 0 0 228 0 446 0 0 0 278 258 224 0
0 0 0 0 0 0 0 0 0 0 0 0 0 0 0 0 0 0 0 0 0 0 0 0 0 0 0 0 0 0 0 0 0 0 0 0 0 0 0 0 0 0 0 0 0 0 0 0 0
